-0.49349 -0.24203 1.00454
-0.49349 -0.31142 0.97408
-0.49349 -0.38078 0.94363
-0.49349 -0.45016 0.91317
-0.49349 -0.51954 0.88271
-0.41939 -0.24203 1.00454
-0.41939 -0.31141 0.97408
-0.41939 -0.38078 0.94363
-0.41939 -0.45016 0.91317
-0.41939 -0.51954 0.88271
-0.26276 -0.21716 1.01546
-0.26276 -0.28654 0.985
-0.18713 -0.21716 1.01546
-0.18713 -0.28654 0.985
0.49349 -0.24203 1.00454
0.49349 -0.31142 0.97408
0.49349 -0.38078 0.94363
0.49349 -0.45016 0.91317
0.49349 -0.51954 0.88271
0.41939 -0.24203 1.00454
0.41939 -0.31141 0.97408
0.41939 -0.38078 0.94363
0.41939 -0.45016 0.91317
0.41939 -0.51954 0.88271
0.26276 -0.21716 1.01546
0.26276 -0.28654 0.985
0.18713 -0.21716 1.01546
0.18713 -0.28654 0.985
-0.54965 -0.099746 1.16625
-0.54965 -0.08732 1.23149
-0.54965 -0.07718 1.29673
-0.46444 -0.07718 1.29673
-0.46444 -0.08732 1.23149
-0.46444 -0.09746 1.16625
0.54965 -0.099746 1.16625
0.54965 -0.08732 1.23149
0.54965 -0.07718 1.29673
0.46444 -0.07718 1.29673
0.46444 -0.08732 1.23149
0.46444 -0.09746 1.16625
0 -0.24231 1.74646
-0.40249 -0.28036 1.73531
0.40249 -0.28036 1.73531
0 -0.10511 1.3696
#This file stores the pose of every light wrt to console. Origin of console is at <pose>3 0 0 0 0 -1.570796</pose>.
#Every line is for the respective light number. 